-9 0 0 0 
0 0 0 
0 0 0 
0 0 0 
0 0 0 
0 0 0 
0 0 0 
0 0 0 
0 0 0 
0 0 0 
0 0 0 
0 0 0 
0 0 0 
0 0 0 
0 0 0 
0 0 0 
0 0 0 
0 0 0 
0 0 0 
0 0 0 
0 0 0 
0 0 0 
0 0 0 
0 0 0 
0 0 0 
0 0 0 
0 0 0 
0 0 0 
0 0 0 
0 0 0 
0 0 0 
0 0 0 
0 0 0 
0 0 0 
0 0 0 
0 0 0 
0 0 0 
0 0 0 
0 0 0 
0 0 0 
0 0 0 
0 0 0 
0 0 0 
0 0 0 
0 0 0 
0 0 0 
0 0 0 
0 0 0 
0 0 0 
0 0 0 
0 0 0 
0 0 0 
0 0 0 
0 0 0 
0 0 0 
0 0 0 
0 0 0 
0 0 0 
0 0 0 
0 0 0 
0 0 0 
0 0 0 
0 0 0 
0 0 0 
0 0 0 
0 0 0 
0 0 0 
0 0 0 
0 0 0 
0 0 0 
0 0 0 
0 0 0 
0 0 0 
0 0 0 
0 0 0 
0 0 0 
0 0 0 
0 0 0 
0 0 0 
0 0 0 
0 0 0 
0 0 0 
0 0 0 
0 0 0 
0 0 0 
0 0 0 
0 0 0 
0 0 0 
0 0 0 
0 0 0 
0 0 0 
0 0 0 
0 0 0 
0 0 0 
0 0 0 
0 0 0 
0 0 0 
0 0 0 
0 0 0 
0 0 0 
0 0 0 
0 0 0 
0 0 0 
0 0 0 
0 0 0 
0 0 0 
0 0 0 
0 0 0 
0 0 0 
0 0 0 
0 0 0 
0 0 0 
0 0 0 
0 0 0 
0 0 0 
0 0 0 
0 0 0 
0 0 0 
0 0 0 
0 0 0 
0 0 0 
0 0 0 
0 0 0 
0 0 0 
0 0 0 
0 0 0 
0 0 0 
0 0 0 
0 0 0 
0 0 0 
0 0 0 
0 0 0 
0 0 0 
0 0 0 
0 0 0 
0 0 0 
0 0 0 
0 0 0 
0 0 0 
0 0 0 
0 0 0 
0 0 0 
0 0 0 
0 0 0 
0 0 0 
0 0 0 
0 0 0 
0 0 0 
0 0 0 
0 0 0 
0 0 0 
0 0 0 
0 0 0 
0 0 0 
0 0 0 
0 0 0 
0 0 0 
0 0 0 
0 0 0 
0 0 0 
0 0 0 
0 0 0 
0 0 0 
0 0 0 
0 0 0 
0 0 0 
0 0 0 
0 0 0 
0 0 0 
1 0 0 
1 0 0 
2 0 0 
2 0 0 
3 0 0 
3 0 0 
4 0 0 
4 0 0 
5 0 0 
6 0 0 
7 0 0 
7 0 0 
8 0 0 
9 0 0 
9 0 0 
10 0 0 
11 0 0 
11 0 0 
12 0 0 
12 0 0 
13 0 0 
13 0 0 
13 0 0 
14 0 0 
14 0 0 
14 0 0 
14 0 0 
15 0 0 
15 0 0 
15 0 0 
15 0 0 
15 0 0 
15 0 0 
15 0 0 
15 0 0 
15 -1 0 
15 -1 0 
15 -1 0 
15 -1 0 
15 -1 0 
15 -1 0 
15 -1 0 
15 -1 0 
15 -1 0 
15 -1 0 
15 -1 0 
15 -1 0 
15 -1 0 
15 -1 0 
15 -1 0 
15 -1 0 
15 -1 0 
15 -1 0 
15 -1 0 
15 -1 0 
15 -1 0 
15 -1 0 
15 -1 0 
15 -1 0 
15 -1 0 
15 -1 0 
15 -1 0 
15 -1 0 
15 -1 0 
15 -1 0 
15 -1 0 
15 -1 0 
15 -1 0 
15 -1 0 
15 -1 0 
15 -1 0 
15 -1 0 
15 -1 0 
15 -1 0 
15 -1 0 
15 -1 0 
15 -1 0 
15 -1 0 
15 -1 0 
15 -1 0 
15 -1 0 
15 -1 0 
15 -1 0 
15 -1 0 
15 -1 0 
15 -1 0 
15 -1 0 
15 -1 0 
15 -1 0 
15 -1 0 
15 -1 0 
15 -1 0 
15 -1 0 
15 -1 0 
15 -1 0 
15 -1 0 
15 -1 0 
15 -1 0 
15 -1 0 
15 -1 0 
15 -1 0 
15 -1 0 
15 -1 0 
15 -1 0 
15 -1 0 
15 -1 0 
15 -1 0 
15 -1 0 
15 -1 0 
15 -1 0 
15 -1 0 
15 -1 0 
15 -1 0 
15 -1 0 
15 -1 0 
15 -1 0 
15 -1 0 
15 -1 0 
15 -1 0 
15 -1 0 
15 -1 0 
15 -1 0 
15 -1 0 
15 -1 0 
15 -1 0 
15 -1 0 
15 -1 0 
15 -1 0 
15 -1 0 
15 -1 0 
15 -1 0 
15 -1 0 
15 -1 0 
15 -1 0 
15 -1 0 
15 -1 0 
15 -1 0 
15 -1 0 
15 -1 0 
15 -1 0 
15 -1 0 
15 -1 0 
15 -1 0 
15 -1 0 
15 -2 0 
15 -2 0 
15 -2 0 
15 -3 0 
15 -4 0 
15 -4 0 
15 -5 0 
15 -6 0 
15 -7 0 
15 -8 0 
15 -9 0 
15 -9 0 
15 -10 0 
15 -11 0 
15 -12 0 
15 -12 0 
15 -13 0 
15 -13 0 
15 -14 0 
15 -14 0 
15 -14 0 
15 -14 0 
15 -14 0 
15 -14 0 
15 -14 0 
15 -14 0 
15 -14 0 
15 -14 0 
15 -14 0 
15 -14 0 
15 -14 0 
15 -14 0 
15 -14 0 
15 -14 0 
15 -14 0 
15 -14 0 
15 -14 0 
15 -14 0 
15 -14 0 
15 -14 0 
15 -14 0 
15 -14 0 
15 -14 0 
15 -14 0 
15 -14 0 
15 -14 0 
15 -14 0 
15 -14 0 
15 -14 0 
15 -14 0 
15 -14 0 
15 -14 0 
15 -14 0 
15 -14 0 
15 -14 0 
15 -14 0 
15 -14 0 
15 -14 0 
15 -14 0 
15 -14 0 
15 -14 0 
15 -14 0 
15 -14 0 
15 -14 0 
15 -14 0 
15 -14 0 
15 -14 0 
15 -14 0 
15 -14 0 
15 -14 0 
15 -14 0 
15 -14 0 
15 -14 0 
15 -14 0 
15 -14 0 
15 -14 0 
15 -14 0 
15 -14 0 
15 -14 0 
15 -14 0 
15 -15 0 
15 -15 0 
15 -15 0 
15 -15 0 
15 -15 0 
15 -15 0 
15 -15 0 
15 -15 0 
15 -15 0 
15 -15 0 
15 -15 0 
15 -15 0 
15 -15 0 
15 -15 0 
15 -15 0 
15 -15 0 
15 -15 0 
15 -15 0 
15 -15 0 
15 -15 0 
15 -15 0 
15 -15 0 
15 -15 0 
15 -15 0 
15 -15 0 
15 -15 0 
15 -15 0 
15 -15 0 
15 -15 0 
15 -15 0 
15 -15 0 
15 -15 0 
15 -15 0 
15 -15 0 
15 -15 0 
15 -15 0 
15 -15 0 
15 -15 0 
15 -15 0 
15 -15 0 
15 -15 0 
15 -15 0 
15 -15 0 
15 -15 0 
15 -15 0 
15 -15 0 
15 -15 0 
15 -15 0 
15 -15 0 
15 -15 0 
15 -15 0 
15 -15 0 
15 -15 0 
15 -15 0 
15 -15 0 
15 -15 0 
15 -15 0 
15 -15 0 
15 -15 0 
14 -15 0 
14 -15 0 
14 -15 0 
13 -15 0 
13 -15 0 
13 -15 0 
12 -15 0 
11 -15 0 
11 -15 0 
10 -15 0 
9 -15 0 
9 -15 0 
8 -15 0 
7 -15 0 
6 -15 0 
6 -15 0 
5 -15 0 
4 -15 0 
4 -15 0 
3 -15 0 
3 -15 0 
2 -15 0 
2 -15 0 
2 -15 0 
2 -15 0 
2 -15 0 
1 -15 0 
1 -15 0 
1 -15 0 
1 -15 0 
1 -15 0 
1 -15 0 
1 -15 0 
1 -15 0 
1 -15 0 
1 -15 0 
1 -15 0 
1 -15 0 
1 -15 0 
1 -15 0 
1 -15 0 
1 -15 0 
1 -15 0 
1 -15 0 
1 -15 0 
1 -15 0 
1 -15 0 
1 -15 0 
1 -15 0 
1 -15 0 
1 -15 0 
1 -15 0 
1 -15 0 
1 -15 0 
1 -15 0 
1 -15 0 
1 -15 0 
1 -15 0 
1 -15 0 
1 -15 0 
1 -15 0 
1 -15 0 
1 -15 0 
1 -15 0 
1 -15 0 
1 -15 0 
1 -15 0 
1 -15 0 
1 -15 0 
1 -15 0 
1 -15 0 
1 -15 0 
1 -15 0 
1 -15 0 
1 -15 0 
1 -15 0 
1 -15 0 
1 -15 0 
1 -15 0 
1 -15 0 
1 -15 0 
1 -15 0 
1 -15 0 
1 -15 0 
1 -15 0 
1 -15 0 
1 -15 0 
1 -15 0 
1 -15 0 
1 -15 0 
1 -15 0 
1 -15 0 
1 -15 0 
1 -15 0 
1 -15 0 
1 -15 0 
1 -15 0 
1 -15 0 
1 -15 0 
1 -15 0 
1 -15 0 
1 -15 0 
1 -15 0 
1 -15 0 
1 -15 0 
1 -15 0 
1 -15 0 
1 -15 0 
1 -15 0 
1 -15 0 
1 -15 0 
1 -15 0 
1 -15 0 
1 -15 0 
1 -15 0 
1 -15 0 
1 -15 0 
1 -15 0 
1 -15 0 
1 -15 0 
1 -15 0 
1 -15 0 
1 -15 0 
1 -15 0 
1 -15 0 
1 -15 0 
1 -15 0 
1 -15 0 
1 -15 0 
1 -15 0 
1 -15 0 
1 -15 0 
1 -14 0 
1 -14 0 
1 -13 0 
1 -13 0 
1 -12 0 
1 -12 0 
1 -11 0 
1 -10 0 
1 -10 0 
1 -9 0 
1 -8 0 
1 -7 0 
1 -7 0 
1 -6 0 
1 -5 0 
1 -5 0 
1 -4 0 
1 -4 0 
1 -4 0 
1 -3 0 
1 -3 0 
1 -3 0 
1 -3 0 
1 -3 0 
1 -3 0 
1 -3 0 
1 -3 0 
1 -3 0 
1 -3 0 
1 -3 0 
1 -3 0 
1 -3 0 
1 -3 0 
1 -3 0 
1 -3 0 
1 -3 0 
1 -3 0 
1 -3 0 
1 -3 0 
1 -3 0 
1 -3 0 
1 -3 0 
1 -3 0 
1 -3 0 
1 -3 0 
1 -3 0 
1 -3 0 
1 -3 0 
1 -3 0 
1 -3 0 
1 -3 0 
1 -3 0 
1 -3 0 
1 -3 0 
1 -3 0 
1 -3 0 
1 -3 0 
1 -3 0 
1 -3 0 
1 -3 0 
1 -3 0 
1 -3 0 
1 -3 0 
1 -3 0 
1 -3 0 
1 -3 0 
1 -3 0 
1 -3 0 
1 -3 0 
1 -3 0 
1 -3 0 
1 -3 0 
1 -3 0 
1 -3 0 
1 -3 0 
1 -3 0 
1 -3 0 
1 -3 0 
1 -3 0 
1 -3 0 
1 -3 0 
1 -3 0 
1 -3 0 
1 -3 0 
1 -3 0 
1 -3 0 
1 -3 0 
1 -3 0 
1 -3 0 
1 -3 0 
1 -3 0 
1 -3 0 
1 -3 0 
1 -3 0 
1 -3 0 
1 -3 0 
1 -3 0 
1 -3 0 
1 -3 0 
1 -3 0 
1 -3 0 
1 -3 0 
1 -3 0 
1 -3 0 
1 -3 0 
1 -3 0 
1 -3 0 
1 -3 0 
1 -3 0 
1 -3 0 
1 -3 0 
1 -3 0 
1 -3 0 
1 -3 0 
1 -3 0 
1 -3 0 
1 -3 0 
1 -3 0 
1 -3 0 
1 -3 0 
1 -3 0 
1 -3 0 
1 -3 0 
1 -3 0 
1 -3 0 
1 -3 0 
1 -3 0 
1 -3 0 
1 -3 0 
1 -3 0 
1 -3 0 
1 -3 0 
1 -3 0 
1 -3 0 
1 -3 0 
1 -3 0 
1 -3 0 
1 -3 0 
1 -3 0 
1 -3 0 
1 -3 0 
1 -3 0 
1 -3 0 
1 -3 0 
1 -3 0 
1 -3 0 
1 -3 0 
1 -3 0 
1 -3 0 
1 -3 0 
1 -3 0 
1 -3 0 
1 -3 0 
1 -3 0 
2 -3 0 
2 -3 0 
2 -3 0 
2 -3 0 
3 -3 0 
3 -3 0 
4 -3 0 
4 -3 0 
5 -3 0 
5 -3 0 
6 -3 0 
7 -3 0 
7 -3 0 
8 -3 0 
9 -3 0 
9 -3 0 
10 -3 0 
11 -3 0 
11 -3 0 
12 -3 0 
13 -3 0 
13 -3 0 
13 -3 0 
14 -3 0 
14 -3 0 
15 -3 0 
15 -3 0 
15 -3 0 
16 -3 0 
16 -3 0 
16 -3 0 
16 -3 0 
17 -3 0 
17 -3 0 
17 -3 0 
17 -3 0 
17 -3 0 
17 -3 0 
17 -3 0 
17 -3 0 
17 -3 0 
17 -3 0 
17 -3 0 
17 -3 0 
17 -3 0 
17 -3 0 
17 -3 0 
17 -3 0 
17 -3 0 
17 -3 0 
17 -3 0 
17 -3 0 
17 -3 0 
17 -3 0 
17 -3 0 
17 -3 0 
17 -3 0 
17 -3 0 
17 -3 0 
17 -3 0 
17 -3 0 
17 -3 0 
17 -3 0 
17 -3 0 
17 -3 0 
17 -3 0 
17 -3 0 
17 -3 0 
17 -3 0 
17 -3 0 
17 -3 0 
17 -3 0 
17 -3 0 
17 -3 0 
17 -3 0 
17 -3 0 
17 -3 0 
17 -3 0 
17 -3 0 
17 -3 0 
17 -3 0 
17 -3 0 
17 -3 0 
17 -3 0 
17 -3 0 
17 -3 0 
17 -3 0 
17 -3 0 
17 -3 0 
17 -3 0 
17 -3 0 
17 -3 0 
17 -3 0 
17 -3 0 
17 -3 0 
17 -3 0 
18 -3 0 
18 -3 0 
18 -3 0 
18 -3 0 
18 -3 0 
18 -3 0 
18 -3 0 
18 -3 0 
18 -3 0 
18 -3 0 
18 -3 0 
18 -3 0 
18 -3 0 
18 -3 0 
18 -3 0 
18 -3 0 
18 -4 0 
18 -4 0 
18 -4 0 
18 -4 0 
18 -4 0 
18 -4 0 
18 -4 0 
18 -4 0 
18 -4 0 
18 -4 0 
18 -4 0 
18 -4 0 
18 -4 0 
18 -4 0 
18 -4 0 
18 -4 0 
18 -4 0 
18 -4 0 
18 -4 0 
18 -4 0 
18 -4 0 
18 -4 0 
18 -4 0 
18 -4 0 
18 -4 0 
18 -4 0 
18 -4 0 
18 -4 0 
18 -4 0 
18 -4 0 
18 -4 0 
18 -4 0 
18 -4 0 
18 -4 0 
18 -4 0 
18 -5 0 
18 -5 0 
18 -5 0 
18 -6 0 
18 -6 0 
18 -7 0 
18 -7 0 
18 -8 0 
18 -9 0 
18 -10 0 
18 -11 0 
18 -11 0 
18 -12 0 
19 -13 0 
19 -14 0 
19 -14 0 
19 -15 0 
19 -16 0 
19 -16 0 
19 -17 0 
19 -17 0 
19 -18 0 
19 -18 0 
19 -18 0 
19 -18 0 
19 -19 0 
19 -19 0 
19 -19 0 
19 -19 0 
19 -19 0 
19 -19 0 
19 -19 0 
19 -19 0 
19 -19 0 
19 -19 0 
19 -19 0 
19 -19 0 
19 -19 0 
19 -19 0 
19 -19 0 
19 -19 0 
19 -19 0 
19 -19 0 
19 -19 0 
19 -19 0 
19 -19 0 
19 -19 0 
19 -19 0 
19 -19 0 
19 -19 0 
19 -19 0 
19 -19 0 
19 -19 0 
19 -19 0 
19 -19 0 
19 -19 0 
19 -19 0 
19 -19 0 
19 -19 0 
19 -19 0 
19 -19 0 
19 -19 0 
19 -19 0 
19 -19 0 
19 -19 0 
19 -19 0 
19 -19 0 
19 -19 0 
19 -19 0 
19 -19 0 
19 -19 0 
19 -19 0 
19 -19 0 
19 -19 0 
19 -19 0 
19 -19 0 
19 -19 0 
19 -19 0 
19 -19 0 
19 -19 0 
19 -19 0 
19 -19 0 
19 -19 0 
19 -19 0 
19 -19 0 
19 -19 0 
19 -19 0 
19 -19 0 
19 -19 0 
19 -19 0 
19 -19 0 
19 -19 0 
19 -19 0 
19 -19 0 
19 -19 0 
19 -19 0 
19 -19 0 
19 -19 0 
19 -19 0 
19 -19 0 
19 -19 0 
19 -19 0 
19 -19 0 
19 -19 0 
19 -19 0 
19 -19 0 
19 -19 0 
19 -19 0 
19 -19 0 
19 -19 0 
19 -19 0 
19 -19 0 
19 -19 0 
19 -19 0 
19 -19 0 
19 -19 0 
19 -19 0 
19 -19 0 
19 -19 0 
19 -19 0 
19 -19 0 
19 -19 0 
19 -19 0 
19 -19 0 
19 -19 0 
19 -19 0 
19 -19 0 
19 -19 0 
19 -19 0 
19 -19 0 
19 -19 0 
19 -19 0 
19 -19 0 
19 -19 0 
19 -19 0 
19 -19 0 
19 -19 0 
18 -19 0 
18 -19 0 
18 -19 0 
17 -19 0 
17 -19 0 
16 -19 0 
16 -19 0 
15 -19 0 
15 -19 0 
14 -19 0 
13 -19 0 
13 -19 0 
12 -19 0 
11 -19 0 
10 -19 0 
10 -19 0 
9 -19 0 
8 -19 0 
8 -19 0 
7 -19 0 
6 -19 0 
6 -19 0 
5 -19 0 
5 -19 0 
4 -19 0 
4 -19 0 
4 -19 0 
3 -19 0 
3 -19 0 
3 -19 0 
3 -20 0 
3 -20 0 
3 -20 0 
2 -20 0 
2 -20 0 
2 -20 0 
2 -20 0 
2 -20 0 
2 -20 0 
2 -20 0 
3 -20 0 
3 -20 0 
3 -20 0 
3 -20 0 
3 -20 0 
3 -20 0 
3 -20 0 
3 -20 0 
3 -20 0 
3 -20 0 
3 -20 0 
3 -20 0 
3 -20 0 
3 -20 0 
3 -20 0 
3 -20 0 
3 -20 0 
3 -20 0 
3 -20 0 
3 -20 0 
3 -20 0 
3 -20 0 
3 -20 0 
3 -20 0 
3 -20 0 
3 -20 0 
3 -20 0 
3 -20 0 
3 -20 0 
3 -20 0 
3 -20 0 
3 -20 0 
3 -20 0 
3 -20 0 
3 -20 0 
3 -20 0 
3 -20 0 
3 -20 0 
3 -20 0 
3 -20 0 
3 -20 0 
3 -20 0 
3 -20 0 
3 -20 0 
3 -20 0 
3 -20 0 
3 -20 0 
3 -20 0 
3 -20 0 
3 -20 0 
3 -20 0 
3 -20 0 
3 -20 0 
3 -20 0 
3 -20 0 
3 -20 0 
3 -20 0 
3 -20 0 
3 -20 0 
3 -20 0 
3 -20 0 
3 -20 0 
3 -20 0 
3 -20 0 
3 -20 0 
3 -20 0 
3 -20 0 
3 -20 0 
3 -20 0 
3 -20 0 
3 -20 0 
3 -20 0 
3 -20 0 
3 -20 0 
3 -20 0 
3 -20 0 
3 -20 0 
3 -20 0 
3 -20 0 
3 -20 0 
3 -20 0 
3 -20 0 
3 -20 0 
3 -20 0 
3 -20 0 
3 -20 0 
3 -20 0 
3 -20 0 
3 -20 0 
3 -20 0 
3 -20 0 
3 -20 0 
3 -20 0 
3 -20 0 
3 -20 0 
3 -20 0 
3 -20 0 
3 -20 0 
3 -20 0 
3 -20 0 
3 -20 0 
3 -20 0 
3 -20 0 
3 -19 0 
3 -19 0 
3 -19 0 
3 -19 0 
3 -19 0 
3 -18 0 
3 -18 0 
3 -17 0 
3 -16 0 
3 -16 0 
3 -15 0 
3 -14 0 
3 -13 0 
3 -13 0 
3 -12 0 
4 -11 0 
4 -10 0 
4 -10 0 
4 -9 0 
4 -8 0 
4 -8 0 
4 -8 0 
4 -7 0 
4 -7 0 
4 -7 0 
4 -6 0 
4 -6 0 
4 -6 0 
4 -6 0 
4 -6 0 
4 -6 0 
4 -6 0 
4 -6 0 
4 -6 0 
4 -6 0 
4 -6 0 
4 -6 0 
4 -6 0 
4 -6 0 
4 -6 0 
4 -6 0 
4 -6 0 
4 -6 0 
4 -6 0 
4 -6 0 
4 -6 0 
4 -6 0 
4 -6 0 
4 -6 0 
4 -6 0 
4 -6 0 
4 -6 0 
4 -6 0 
4 -6 0 
4 -6 0 
4 -6 0 
4 -6 0 
4 -6 0 
4 -6 0 
4 -6 0 
4 -6 0 
4 -6 0 
4 -6 0 
4 -6 0 
4 -6 0 
4 -6 0 
4 -6 0 
4 -6 0 
4 -6 0 
4 -6 0 
4 -6 0 
4 -6 0 
4 -6 0 
4 -6 0 
4 -6 0 
4 -6 0 
4 -6 0 
4 -6 0 
4 -6 0 
4 -6 0 
4 -6 0 
4 -6 0 
4 -6 0 
4 -6 0 
4 -6 0 
4 -6 0 
4 -6 0 
4 -6 0 
4 -6 0 
4 -6 0 
4 -6 0 
4 -6 0 
4 -6 0 
4 -6 0 
4 -6 0 
4 -6 0 
4 -6 0 
4 -6 0 
4 -6 0 
4 -6 0 
4 -6 0 
4 -6 0 
4 -6 0 
4 -6 0 
4 -6 0 
4 -6 0 
4 -6 0 
4 -6 0 
4 -6 0 
4 -6 0 
4 -6 0 
4 -6 0 
4 -6 0 
4 -6 0 
4 -6 0 
4 -6 0 
4 -6 0 
4 -6 0 
4 -6 0 
4 -6 0 
4 -6 0 
4 -6 0 
4 -6 0 
4 -6 0 
4 -6 0 
4 -6 0 
4 -6 0 
4 -6 0 
4 -6 0 
4 -6 0 
4 -6 0 
4 -6 0 
4 -6 0 
4 -6 0 
4 -6 0 
4 -6 0 
4 -6 0 
4 -6 0 
4 -6 0 
4 -6 0 
4 -6 0 
4 -6 0 
4 -6 0 
4 -6 0 
4 -6 0 
4 -6 0 
4 -6 0 
4 -6 0 
4 -6 0 
4 -6 0 
4 -6 0 
4 -6 0 
4 -6 0 
4 -6 0 
4 -6 0 
4 -6 0 
4 -6 0 
4 -6 0 
4 -6 0 
4 -6 0 
4 -6 0 
4 -6 0 
4 -6 0 
4 -6 0 
4 -6 0 
4 -6 0 
4 -6 0 
4 -6 0 
4 -6 0 
4 -6 0 
4 -6 0 
4 -6 0 
4 -6 0 
4 -6 0 
4 -6 0 
4 -6 0 
4 -6 0 
4 -6 0 
4 -6 0 
4 -6 0 
4 -6 0 
4 -6 0 
4 -6 0 
4 -6 0 
4 -6 0 
4 -6 0 
4 -6 0 
4 -6 0 
4 -6 0 
4 -6 0 
4 -6 0 
4 -6 0 
4 -6 0 
4 -6 0 
4 -6 0 
4 -6 0 
4 -6 0 
4 -6 0 
4 -6 0 
4 -6 0 
4 -6 0 
4 -6 0 
4 -6 0 
4 -6 0 
4 -6 0 
4 -6 0 
4 -6 0 
4 -6 0 
4 -6 0 
4 -6 0 
4 -6 0 
4 -6 0 
4 -6 0 
4 -6 0 
4 -6 0 
4 -6 0 
4 -6 0 
4 -6 0 
4 -6 0 
4 -6 0 
4 -6 0 
4 -6 0 
4 -6 0 
4 -6 0 
4 -6 0 
4 -6 0 
4 -6 0 
4 -6 0 
4 -6 0 
4 -6 0 
4 -6 0 
4 -6 0 
4 -6 0 
4 -6 0 
4 -6 0 
4 -6 0 
4 -6 0 
4 -6 0 
4 -6 0 
4 -6 0 
4 -6 0 
4 -6 0 
4 -6 0 
4 -6 0 
4 -6 0 
4 -6 0 
4 -6 0 
4 -6 0 
4 -6 0 
4 -6 0 
4 -6 0 
4 -6 0 
4 -6 0 
4 -6 0 
4 -6 0 
4 -6 0 
4 -6 0 
4 -6 0 
4 -6 0 
4 -6 0 
4 -6 0 
4 -6 0 
4 -6 0 
4 -6 0 
4 -6 0 
4 -6 0 
4 -6 0 
4 -6 0 
4 -6 0 
4 -6 0 
4 -6 0 
4 -6 0 
4 -6 0 
4 -6 0 
4 -6 0 
4 -6 0 
4 -6 0 
4 -6 0 
4 -6 0 
4 -6 0 
5 -6 0 
5 -6 0 
5 -6 0 
5 -6 0 
5 -6 0 
5 -6 0 
5 -6 0 
5 -6 0 
5 -6 0 
5 -6 0 
5 -6 0 
5 -6 0 
5 -6 0 
5 -6 0 
5 -6 0 
5 -6 0 
5 -6 0 
5 -6 0 
5 -6 0 
5 -6 0 
5 -6 0 
5 -6 0 
5 -6 0 
5 -6 0 
5 -6 0 
5 -6 0 
5 -6 0 
5 -6 0 
5 -6 0 
5 -6 0 
5 -6 0 
5 -6 0 
5 -6 0 
5 -6 0 
5 -6 0 
5 -6 0 
5 -6 0 
5 -6 0 
5 -6 0 
5 -6 0 
5 -6 0 
5 -6 0 
5 -6 0 
5 -6 0 
5 -6 0 
5 -6 0 
5 -6 0 
5 -6 0 
5 -6 0 
5 -6 0 
5 -6 0 
5 -6 0 
5 -6 0 
5 -6 0 
5 -6 0 
5 -6 0 
5 -6 0 
5 -6 0 
5 -6 0 
5 -6 0 
5 -6 0 
5 -6 0 
5 -6 0 
5 -6 0 
5 -6 0 
5 -6 0 
5 -6 0 
5 -6 0 
5 -6 0 
5 -6 0 
5 -6 0 
5 -6 0 
5 -6 0 
5 -6 0 
5 -6 0 
5 -6 0 
5 -6 0 
5 -6 0 
5 -6 0 
5 -6 0 
5 -6 0 
5 -6 0 
5 -6 0 
5 -6 0 
5 -6 0 
5 -6 0 
5 -6 0 
5 -6 0 
5 -6 0 
5 -6 0 
5 -6 0 
5 -6 0 
5 -6 0 
5 -6 0 
5 -6 0 
5 -6 0 
5 -6 0 
